57531.885494999995	417859.6825166575	8.864388
57531.88564777777	417859.29819752456	8.864388
57531.88580055555	417866.6798860596	8.864388
57531.88595333333	417860.9189677441	8.864388
57531.88610611111	417859.4242245233	8.864388
57531.88625888889	417860.6911471329	8.864388
57531.88641166667	417848.66698677477	8.864388
57531.88656444444	417857.8607211996	8.864388
57531.886717222216	417838.1020399463	8.864388
57531.886869999995	417855.245755405	8.864388
57531.88702277777	417837.1311671211	8.864388
57531.88717555555	417864.4699306288	8.864388
57531.88732833333	417861.5292642092	8.864388
57531.88748111111	417853.38503651554	8.864388
57531.88763388889	417854.1806373587	8.864388
57531.887786666666	417847.4178177442	8.864388
57531.88793944444	417858.4652902923	8.864388
57531.888092222216	417843.9281965608	8.864388
57531.888244999995	417875.0035538997	8.864388
57531.88839777777	417840.9493331032	8.864388
57531.88855055555	417837.5333336962	8.864388
57531.88870333333	417839.1800619843	8.864388
57531.88885611111	417839.31592174154	8.864388
57531.88900888889	417854.92294658365	8.864388
57531.889161666666	417851.8684932322	8.864388
57531.889314444445	417857.81969814864	8.864388
57531.889467222216	417859.19266672793	8.864388
57531.889619999994	417844.20195842814	8.864388
57531.88977277777	417826.2647994164	8.864388
57531.88992555555	417839.92145314475	8.864388
57531.89007833333	417859.3846933008	8.864388
57531.89023111111	417849.67447647953	8.864388
57531.89038388889	417847.5338393005	8.864388
57531.890536666666	417838.6820890751	8.864388
57531.890689444444	417846.5927557203	8.864388
57531.890842222216	417849.47791658674	8.864388
57531.890994999994	417842.1110183608	8.864388
57531.89114777777	417863.04821732966	8.864388
57531.89130055555	417844.7295268861	8.864388
57531.89145333333	417844.0814070139	8.864388
57531.89160611111	417840.3346069563	8.864388
57531.89175888889	417852.817293139	8.864388
57531.891911666666	417842.9893810823	8.864388
57531.892064444444	417848.7163486453	8.864388
57531.892217222216	417849.2321933379	8.864388
57531.892369999994	417848.4397920762	8.864388
57531.89267555555	417850.9994612601	8.864388
57531.89282833333	417842.6904665002	8.864388
57531.89298111111	417858.8187253753	8.864388
57531.89313388889	417846.12633743585	8.864388
57531.893286666666	417855.30262908427	8.864388
57531.893439444444	417844.69034396193	8.864388
57531.893592222215	417852.1146034725	8.864388
57531.893744999994	417861.7238223914	8.864388
57531.89389777777	417852.7765339356	8.864388
57531.89405055555	417852.77831901656	8.864388
57531.89420333333	417839.8510432695	8.864388
57531.89435611111	417867.1046091387	8.864388
57531.89450888889	417858.7055132985	8.864388
57531.894661666665	417856.32743314037	8.864388
57531.894814444444	417830.5218655133	8.864388
57531.894967222215	417852.3595740174	8.864388
57531.895119999994	417850.8956035764	8.864388
57531.89527277777	418493.0966618269	8.864388
57531.89542555555	417847.05691313796	8.864388
57531.89557833333	417864.87740492995	8.864388
57531.89573111111	417860.7873294373	8.864388
57531.89588388889	417999.0172346868	8.864388
57531.896036666665	417876.4505950805	8.864388
57531.896189444444	417863.7460020535	8.864388
57531.89634222222	417851.56516360265	8.864388
57531.89649499999	417878.299986775	8.864388
57531.89664777777	417850.94162553083	8.864388
57531.89680055555	418318.67606991436	8.864388
57531.89695333333	417863.8775230664	8.864388
57531.89710611111	417878.56409757206	8.864388
57531.89725888889	417864.5368464466	8.864388
57531.897411666665	417862.5084141695	8.864388
57531.89756444444	417862.2522331378	8.864388
57531.89771722222	417860.08389329165	8.864388
57531.89786999999	417869.4192661654	8.864388
57531.89802277777	417861.40761856793	8.864388
57531.89817555555	417873.60662249895	8.864388
57531.89832833333	417856.6378602344	8.864388
57531.89848111111	418300.81860426185	8.864388
57531.898633888886	417846.0457538483	8.864388
57531.898786666665	417857.88398477127	8.864388
57531.89893944444	417887.3611806887	8.864388
57531.89909222222	417874.939823283	8.864388
57531.89924499999	417872.53333335643	8.864388
57531.89939777777	417866.9392907816	8.864388
57531.89955055555	417887.64959462284	8.864388
57531.89970333333	417874.6911596038	8.864388
57531.89985611111	417884.62908109394	8.864388
57531.900008888886	417868.50491612026	8.864388
57531.900161666665	417878.891114799	8.864388
57531.90031444444	417879.60227544035	8.864388
57531.90046722222	417897.61471236515	8.864388
57531.90061999999	417884.397387669	8.864388
57531.90077277777	417903.017771458	8.864388
57531.90092555555	417882.9605049414	8.864388
57531.90107833333	417898.6568387973	8.864388
57531.90123111111	417885.43450011505	8.864388
57531.901383888886	417890.7865246156	8.864388
57531.901536666664	417896.3481817511	8.864388
57531.90168944444	417908.27832594584	8.864388
57531.90184222222	417896.52598308015	8.864388
57531.901995	417889.67325678276	8.864388
57531.90214777777	417907.7680899876	8.864388
57531.90230055555	417894.97248453484	8.864388
57531.90245333333	417897.3146497485	8.864388
57531.90260611111	417891.6758771711	8.864388
57531.902758888886	417908.1364772949	8.864388
57531.902911666664	417889.2244197139	8.864388
57531.90306444444	417901.6118127625	8.864388
57531.90321722222	418395.3969898891	8.864388
57531.90337	417901.1198585187	8.864388
57531.90352277777	417922.2919951744	8.864388
57531.90367555555	417920.1912172961	8.864388
57531.90382833333	417913.68766676233	8.864388
57531.90398111111	417923.58703000745	8.864388
57531.904133888886	417919.6479976182	8.864388
57531.904286666664	417915.6380512275	8.864388
57531.90443944444	417901.3717512398	8.864388
57531.90459222222	417903.4512325549	8.864388
57531.904745	417926.9901884017	8.864388
57531.90489777777	417900.928214551	8.864388
57531.90505055555	417924.2448714322	8.864388
57531.90520333333	417918.3147012441	8.864388
57531.90535611111	417935.554802602	8.864388
57531.905508888885	417931.74636246724	8.864388
57531.905661666664	417924.10230961844	8.864388
57531.90581444444	417935.0319013949	8.864388
57531.90596722222	417939.7918424269	8.864388
57531.90627277777	417949.11764729273	8.864388
57531.90642555555	417925.98093349434	8.864388
57531.90673111111	417939.6924556835	8.864388
57531.906883888885	417932.95558411116	8.864388
57531.90718944444	417958.9264921789	8.864388
57531.90734222222	417944.5604724845	8.864388
57531.907495	417947.1952004168	8.864388
57531.90764777777	417967.21244745597	8.864388
57531.90780055555	417953.6275013527	8.864388
57531.90795333333	417941.15457261784	8.864388
57531.90810611111	417953.1078843744	8.864388
57531.908258888885	417956.2272667489	8.864388
57531.90841166666	417969.0420733688	8.864388
57531.90856444444	417952.18782952894	8.864388
57531.90871722222	417966.53653695097	8.864388
57531.90887	417956.14646265993	8.864388
57531.90902277778	417961.99066071684	8.864388
57531.90917555555	417970.4117642037	8.864388
57531.90932833333	417981.6722517885	8.864388
57531.909481111106	417972.5110107567	8.864388
57531.909633888885	417976.25416040845	8.864388
57531.90978666666	417969.4862780838	8.864388
57531.90993944444	417989.05654768925	8.864388
57531.91009222222	417987.9679823464	8.864388
57531.910245	417964.52916854044	8.864388
57531.91039777778	417970.9117583272	8.864388
57531.91055055555	417991.45923637337	8.864388
57531.91070333333	417984.04783720087	8.864388
57531.910856111106	418007.7058675403	8.864388
57531.911008888885	417994.6745320021	8.864388
57531.91116166666	417997.2689605012	8.864388
57531.91131444444	417996.5044018024	8.864388
57531.91146722222	418022.7217584745	8.864388
57531.91162	417995.8007606383	8.864388
57531.91177277778	417996.6126904983	8.864388
57531.91192555555	418008.4486257958	8.864388
57531.91207833333	418005.51542253833	8.864388
57531.912231111106	418016.067215054	8.864388
57531.91253666666	418011.02313949855	8.864388
57531.91268944444	418007.8696829714	8.864388
57531.91284222222	418007.1263871526	8.864388
57531.912995	418017.7949248893	8.864388
57531.91314777778	418019.80786144116	8.864388
57531.91330055555	418031.7329808569	8.864388
57531.91345333333	418017.0747081614	8.864388
57531.913606111106	418022.2604529209	8.864388
57531.913758888884	418028.7865209518	8.864388
57531.91391166666	418036.76059987483	8.864388
57531.91406444444	418029.87328524987	8.864388
57531.91421722222	418171.32637558406	8.864388
57531.91437	418029.0378831129	8.864388
57531.91452277778	418004.58560974256	8.864388
57531.914675555556	418056.05350199377	8.864388
57531.91482833333	418057.54515431554	8.864388
57531.914981111106	418030.5068188147	8.864388
57531.915133888884	418043.2044889666	8.864388
57531.91528666666	418042.85546180536	8.864388
57531.91543944444	418041.73106397316	8.864388
57531.91559222222	418037.1752333473	8.864388
57531.915745	418059.58764904615	8.864388
57531.91589777778	418063.5327481887	8.864388
57531.916050555556	418050.37352499797	8.864388
57531.91620333333	418056.580920151	8.864388
57531.916356111105	418061.5055331556	8.864388
57531.916508888884	418043.352199924	8.864388
57531.91666166666	418060.880221553	8.864388
57531.91681444444	418067.93022447755	8.864388
57531.91696722222	418022.26416749327	8.864388
57531.91712	418016.2310553529	8.864388
57531.91727277778	418034.81231290096	8.864388
57531.917425555555	418032.8234410781	8.864388
57531.91757833333	418025.42488478473	8.864388
57531.917731111105	418026.6284190159	8.864388
57531.917883888884	418036.82096734835	8.864388
57531.91803666666	418024.81445763964	8.864388
57531.91818944444	418047.9235144216	8.864388
57531.91834222222	418054.4337865842	8.864388
57531.918495	418035.8128402394	8.864388
57531.91864777778	418050.095950412	8.864388
57531.918800555555	418048.82238517766	8.864388
57531.91895333333	418083.33164742816	8.864388
57531.919106111105	418102.8138177568	8.864388
57531.91925888888	418106.35176466074	8.864388
57531.91941166666	418099.26644248044	8.864388
57531.91956444444	418107.7550344285	8.864388
57531.91971722222	418094.2062538074	8.864388
57531.91987	418094.051254777	8.864388
57531.92002277778	418133.71952624345	8.864388
57531.920175555555	418110.3839402227	8.864388
57531.920328333326	418115.6207675452	8.864388
57531.920481111105	418097.24508729763	8.864388
57531.92063388888	418119.26744681224	8.864388
57531.92078666666	418125.2399425027	8.864388
57531.92093944444	418131.51879948674	8.864388
57531.92109222222	418125.4064181642	8.864388
57531.921245	418122.8398646516	8.864388
57531.921397777776	418127.88952138205	8.864388
57531.921550555555	418121.50593249896	8.864388
57531.92170333333	418123.866090069	8.864388
57531.921856111105	418142.469392668	8.864388
57531.92200888888	418149.8811085465	8.864388
57531.92216166666	418143.6741613947	8.864388
57531.92231444444	418146.06627154426	8.864388
57531.92246722222	418160.82802928187	8.864388
57531.92262	418151.45595366607	8.864388
57531.922772777776	418152.18195282726	8.864388
57531.922925555555	418151.51833909523	8.864388
57531.92307833333	418159.7170498582	8.864388
57531.923231111105	418164.473776196	8.864388
57531.92338388888	418162.8846793557	8.864388
57531.92353666666	418166.6990129625	8.864388
57531.92368944444	418159.354219702	8.864388
57531.92384222222	418176.2175242581	8.864388
57531.923995	418170.7915387241	8.864388
57531.924147777776	418172.1375657712	8.864388
57531.924300555555	417625.63420971	8.864388
57531.92445333333	418186.92103209643	8.864388
57531.924606111104	418180.23322105175	8.864388
57531.92475888888	418178.65318388166	8.864388
57531.92491166666	418175.5428417102	8.864388
57531.92506444444	418186.3696974723	8.864388
57531.92521722222	418180.28005596885	8.864388
57531.92537	418191.4935596012	8.864388
57531.925522777776	418183.75680290704	8.864388
57531.925675555554	418190.3339968177	8.864388
57531.92582833333	418200.4065090715	8.864388
57531.925981111104	418183.06971642433	8.864388
57531.92613388888	418200.4883046327	8.864388
57531.92628666666	418217.021987627	8.864388
57531.92643944444	418194.11502834246	8.864388
57531.92659222222	418199.98698495404	8.864388
57531.926745	418203.9650234374	8.864388
57531.926897777776	418204.03389869886	8.864388
57531.927050555554	418200.41732925334	8.864388
57531.95180055555	418369.4536170463	8.864388
57531.95195333333	418348.7078454605	8.864388
57531.95210611111	418363.93245760567	8.864388
57531.95225888889	418365.5398475438	8.864388
57531.952411666665	418350.33579060895	8.864388
57531.952564444444	418371.34428604407	8.864388
57531.95271722222	418354.7756989511	8.864388
57531.952869999994	418351.34294008696	8.864388
57531.95302277777	418355.67104733107	8.864388
57531.95317555555	418366.13983851473	8.864388
57531.95332833333	419148.1943747498	8.864388
57531.95348111111	418356.9109237588	8.864388
57531.95363388889	418346.8012210801	8.864388
57531.953786666665	418364.56374468806	8.864388
57531.953939444444	418365.9946688262	8.864388
57531.95409222222	418347.5463194412	8.864388
57531.95424499999	418348.1744356437	8.864388
57531.95439777777	418363.249474374	8.864388
57531.95455055555	418354.60610775504	8.864388
57531.95470333333	418362.24524558097	8.864388
57531.95485611111	418360.7268841946	8.864388
57531.95500888889	418358.46235744236	8.864388
57531.955161666665	418359.62744039437	8.864388
57531.95531444444	418807.53110203927	8.864388
57531.95546722222	418345.2253565516	8.864388
57531.95561999999	418349.79118270456	8.864388
57531.95577277777	418347.2270697339	8.864388
57531.95592555555	418356.44366476167	8.864388
57531.95607833333	418344.8878262533	8.864388
57531.95623111111	418341.1087753109	8.864388
57531.956383888886	418354.41772861884	8.864388
57531.956536666665	418339.5239140945	8.864388
57531.95668944444	418345.48216416256	8.864388
57531.95684222222	418353.5458532681	8.864388
57531.95699499999	418342.64129378495	8.864388
57531.95714777777	419175.5172411287	8.864388
57531.95730055555	418337.224800726	8.864388
57531.95745333333	418333.89926406305	8.864388
57531.95760611111	418338.52407712897	8.864388
57531.957758888886	418334.9978771147	8.864388
57531.957911666665	418346.91733530466	8.864388
57531.95806444444	418324.77076404146	8.864388
57531.95821722222	418349.16388086596	8.864388
57531.95836999999	418340.99350425333	8.864388
57531.95852277777	418318.6082555731	8.864388
57531.95867555555	418328.25187976897	8.864388
57531.95882833333	418332.02122686	8.864388
57531.95898111111	418336.7512198549	8.864388
57531.959133888886	418339.1691025531	8.864388
57531.959286666664	418336.20576591726	8.864388
57531.95943944444	418300.3761119441	8.864388
57531.95959222222	418316.44099794177	8.864388
57531.959745	418321.62335796194	8.864388
57531.95989777777	418333.96735282376	8.864388
57531.96005055555	418319.34292862494	8.864388
57531.96020333333	418325.18879155384	8.864388
57531.96035611111	418674.8437880438	8.864388
57531.960508888886	418317.97267162194	8.864388
57531.960661666664	418407.63386161573	8.864388
57531.96081444444	418303.69235942245	8.864388
57531.96112	418309.6678740386	8.864388
57531.96127277777	418304.95467649464	8.864388
57531.96157833333	418304.8672053271	8.864388
57531.96173111111	418299.4391956626	8.864388
57531.961883888885	418309.52185659524	8.864388
57531.962036666664	418300.533114038	8.864388
57531.96218944444	418306.4591335379	8.864388
57531.96234222222	418311.13350234507	8.864388
57531.96264777777	418305.72360349714	8.864388
57531.96280055555	418305.9784960508	8.864388
57531.96295333333	418261.7371212998	8.864388
57531.96310611111	418297.395742663	8.864388
57531.963258888885	418297.6196282426	8.864388
57531.963411666664	418299.86319939763	8.864388
57531.96356444444	418297.6699979738	8.864388
57531.96371722222	418282.88415267813	8.864388
57531.96387	418278.4483850915	8.864388
57531.96402277777	418270.9023866978	8.864388
57531.96417555555	418277.00871969166	8.864388
57531.96432833333	418280.1168740875	8.864388
57531.96448111111	418267.69601101964	8.864388
57531.964633888885	418275.5256169493	8.864388
57531.964786666664	418283.9053058599	8.864388
57531.96493944444	418277.39943679876	8.864388
57531.96509222222	418271.99802155775	8.864388
57531.965245	418253.97386044415	8.864388
57531.96555055555	418271.4734464758	8.864388
57531.96570333333	418278.05234234006	8.864388
57531.96585611111	418262.9683917011	8.864388
57531.966008888885	418267.05529476	8.864388
57531.96616166666	418252.2788282483	8.864388
57531.96631444444	418242.0368340865	8.864388
57531.96646722222	418259.7556361015	8.864388
57531.96662	418248.9652155109	8.864388
57531.96677277778	418265.5583145472	8.864388
57531.96692555555	418259.62700704194	8.864388
57531.96707833333	418260.5390018116	8.864388
57531.967231111106	418255.55698812025	8.864388
57531.967383888885	418258.0798964651	8.864388
57531.96753666666	418251.865716808	8.864388
57531.96768944444	418243.2509486934	8.864388
57531.96784222222	418241.9201238008	8.864388
57531.967995	418247.16381732305	8.864388
57531.96814777778	418898.60420144384	8.864388
57531.96830055555	418216.82590168016	8.864388
57531.96845333333	418228.69662264345	8.864388
57531.968606111106	418237.42125185195	8.864388
57531.968758888885	418228.56193457765	8.864388
57531.96891166666	418251.9337433579	8.864388
57531.96906444444	418231.7492596799	8.864388
57531.96921722222	418226.4884192053	8.864388
57531.96937	418230.70193377906	8.864388
57531.96952277778	418226.4039415083	8.864388
57531.96967555555	418219.38426587416	8.864388
57531.96982833333	418215.34991493064	8.864388
57531.969981111106	418216.83233176963	8.864388
57531.970133888884	418231.64136111364	8.864388
57531.97028666666	418206.92579485674	8.864388
57531.97043944444	418220.7143444722	8.864388
57531.97059222222	418210.9361597693	8.864388
57531.970745	418213.28909803944	8.864388
57531.97089777778	418226.4618134013	8.864388
57531.97105055555	418212.83512520714	8.864388
57531.97120333333	418196.3270564555	8.864388
57531.971356111106	418196.8135072784	8.864388
57531.971508888884	418198.96764242265	8.864388
57531.97166166666	418211.67994510656	8.864388
57531.97181444444	418205.1672346065	8.864388
57531.97196722222	418190.61775777506	8.864388
57531.97212	418199.7895919198	8.864388
57531.97227277778	418190.30763731076	8.864388
57531.972425555556	418193.76288418507	8.864388
57531.97257833333	418170.78005504137	8.864388
57531.972731111106	418180.49139498826	8.864388
57531.972883888884	418165.2000496433	8.864388
57531.97303666666	418185.5772533233	8.864388
57531.97318944444	418170.3227931554	8.864388
57531.97334222222	418170.67791445774	8.864388
57531.973495	418174.18408888386	8.864388
57531.97364777778	418165.3965237989	8.864388
57531.973800555555	418180.9447050617	8.864388
57531.97395333333	418163.1536038324	8.864388
57531.974106111105	418163.3585533266	8.864388
57531.974258888884	418178.9815561056	8.864388
57531.97441166666	418601.89072434267	8.864388
57531.97456444444	418159.9361843727	8.864388
57531.97471722222	418162.12667944946	8.864388
57531.97487	418160.53731915285	8.864388
57531.97502277778	418163.57722043723	8.864388
57531.975175555555	418162.31279772235	8.864388
57531.97532833333	418152.323549446	8.864388
57531.975481111105	418145.18141794007	8.864388
57531.975633888884	418139.4253508194	8.864388
57531.97578666666	418141.44791974616	8.864388
57531.97593944444	418143.02614335413	8.864388
57531.97609222222	418150.617873802	8.864388
57531.976245	418147.412246737	8.864388
57531.97639777778	418147.59653378243	8.864388
57531.976550555555	418144.26299748983	8.864388
57531.97670333333	418115.5373720092	8.864388
57531.976856111105	418132.04398016055	8.864388
57531.97700888888	418125.8651763514	8.864388
57531.97716166666	418132.6091813865	8.864388
57531.97731444444	418130.6980500811	8.864388
57531.97746722222	418120.7527738643	8.864388
57531.97762	418114.1113214158	8.864388
57531.97777277778	418112.52172244614	8.864388
57531.977925555555	418121.6125394207	8.864388
57531.978078333326	418113.5952780553	8.864388
57531.978231111105	418109.5802997457	8.864388
57531.97838388888	418103.370407667	8.864388
57531.97853666666	417693.33550071996	8.864388
57531.97868944444	418113.2319828486	8.864388
57531.97884222222	418110.3480651863	8.864388
57531.978995	418111.56815813016	8.864388
57531.979147777776	418091.8848055743	8.864388
57531.979300555555	418098.0600112283	8.864388
57531.97945333333	418113.7135080256	8.864388
57531.979606111105	418864.2248087008	8.864388
57531.97975888888	418098.6570247292	8.864388
57531.97991166666	418089.2357610579	8.864388
57531.98006444444	418097.26758014655	8.864388
57531.98021722222	418088.7058300547	8.864388
57531.98037	418082.6170302613	8.864388
57531.980522777776	418087.7081137292	8.864388
57531.980675555555	418077.2650245709	8.864388
57531.98082833333	418093.5969421359	8.864388
57531.980981111104	418087.0233267409	8.864388
57531.98113388888	418097.8707557019	8.864388
57531.98128666666	418084.35511188314	8.864388
57531.98143944444	418070.14481458405	8.864388
57531.98159222222	418076.9776600829	8.864388
57531.981745	418073.72540149937	8.864388
57531.981897777776	418050.2965949552	8.864388
57531.982050555554	418049.9289865989	8.864388
57531.98220333333	418082.79533962207	8.864388
57531.982356111104	418045.78426914074	8.864388
57531.98250888888	418059.762565418	8.864388
57531.98266166666	417986.3505417827	8.864388
57531.98281444444	418042.4990702899	8.864388
57531.98296722222	418060.8335108699	8.864388
57531.98312	418055.6019916117	8.864388
57531.983272777776	418049.31847069215	8.864388
57531.983425555554	418058.92913097306	8.864388
57531.98357833333	418057.5414664078	8.864388
57531.983731111104	418039.5859278876	8.864388
57531.98388388888	418516.94799896114	8.864388
57531.98403666666	418053.6714150422	8.864388
57531.98418944444	418046.4207626667	8.864388
57531.98434222222	418054.09030139854	8.864388
57531.984495	418027.94071929797	8.864388
57531.984647777776	418023.51148356835	8.864388
57531.984800555554	418040.00742164155	8.864388
57531.98495333333	418035.59704337147	8.864388
57531.98510611111	418036.3551487549	8.864388
57531.98525888888	418043.41383576	8.864388
57531.98541166666	418027.2619862329	8.864388
57531.98556444444	418031.81166904565	8.864388
57531.98571722222	418034.39767854667	8.864388
57531.98587	418008.3922026474	8.864388
57531.986022777775	418017.4914459785	8.864388
57531.986175555554	418021.78219201113	8.864388
57531.98632833333	418023.09296344215	8.864388
57531.98648111111	418030.3709180995	8.864388
57531.98663388888	418006.42388938734	8.864388
57531.98678666666	418021.9180117197	8.864388
57531.98693944444	418009.09757143486	8.864388
57531.98709222222	418001.5196433702	8.864388
57531.987245	418031.1077832965	8.864388
57531.987397777775	418015.6326009388	8.864388
57531.987550555554	418018.24791151145	8.864388
57531.98770333333	418454.5312620837	8.864388
57531.98785611111	418001.17651628103	8.864388
57531.98800888888	417997.3259365368	8.864388
57531.98816166666	417981.11264478293	8.864388
57531.98831444444	418011.17417519545	8.864388
57531.98846722222	418025.36612804036	8.864388
57531.98862	418012.8279224226	8.864388
57531.988772777775	418000.8162146407	8.864388
57531.98892555555	417995.2064140981	8.864388
57531.98907833333	417999.0395852468	8.864388
57531.98923111111	418007.09968998877	8.864388
57531.98938388888	417989.4092943148	8.864388
57531.98953666666	418003.7484884253	8.864388
57531.98968944444	417987.94049676845	8.864388
57531.98984222222	417997.9717865372	8.864388
57531.989994999996	417974.7866856299	8.864388
57531.990147777775	417968.8133674308	8.864388
57531.99030055555	417991.4019701125	8.864388
57531.99045333333	417976.5298903141	8.864388
57531.99060611111	417997.8831649669	8.864388
57531.99075888888	417971.1547300398	8.864388
57531.99091166666	417964.31402935163	8.864388
57531.99106444444	417967.1964495063	8.864388
57531.99121722222	417959.02724540053	8.864388
57531.991369999996	417968.3220123258	8.864388
57531.991522777775	417975.19458176364	8.864388
57531.99182833333	417969.22351871885	8.864388
57531.99198111111	417962.58114422194	8.864388
57531.99213388889	417963.5684492642	8.864388
57531.99228666666	417967.0497766955	8.864388
57531.99243944444	417969.6627362985	8.864388
57531.99259222222	418401.30056643917	8.864388
57531.992744999996	417958.9958014857	8.864388
57531.992897777774	417972.0177987229	8.864388
57531.99305055555	417949.236675572	8.864388
57531.99320333333	417967.60315780743	8.864388
57531.99335611111	417957.0501674455	8.864388
57532.01810611111	417997.4204317947	8.864388
57532.018258888886	417986.128334266	8.864388
57532.018411666664	417997.9424976066	8.864388
57532.01871722222	417274.3630991459	8.864388
57532.01887	418020.8009805343	8.864388
57532.01902277777	417997.95994974946	8.864388
57532.01917555555	417274.5699913351	8.864388
57532.01932833333	418007.8045112572	8.864388
57532.01948111111	418003.55808029743	8.864388
57532.019633888885	418024.37127238227	8.864388
57532.019786666664	417999.0198549742	8.864388
57532.01993944444	418000.8469031601	8.864388
57532.02009222222	418007.042458862	8.864388
57532.02039777777	418017.811460303	8.864388
57532.02055055555	418003.55564805184	8.864388
57532.02070333333	418002.58950683114	8.864388
57532.02085611111	418024.5221646598	8.864388
57532.021008888885	418016.66323685163	8.864388
57532.021161666664	418012.275338518	8.864388
57532.02131444444	418017.543642128	8.864388
57532.02146722222	418032.2321369294	8.864388
57532.02162	418045.54326986684	8.864388
57532.02177277777	418037.4705673984	8.864388
57532.02192555555	418039.3736768835	8.864388
57532.02223111111	418023.9255590515	8.864388
57532.022383888885	418029.51740919537	8.864388
57532.022536666664	418039.89658969076	8.864388
57532.02268944444	418674.67004238704	8.864388
57532.02284222222	418054.7188509352	8.864388
57532.022995	418066.6976758392	8.864388
57532.02314777778	418038.12666367355	8.864388
57532.02330055555	418050.490516802	8.864388
57532.02345333333	418048.2645953153	8.864388
57532.023606111106	418053.80094296666	8.864388
57532.023758888885	418052.75627126015	8.864388
57532.02391166666	418055.7353063917	8.864388
57532.02406444444	418049.693849364	8.864388
57532.02421722222	418049.6240221202	8.864388
57532.02437	418063.2452687801	8.864388
57532.02452277778	418058.83264806715	8.864388
57532.02467555555	418061.87788081093	8.864388
57532.02482833333	418056.1267341701	8.864388
57532.024981111106	417581.95739636593	8.864388
57532.025133888885	418069.73019306676	8.864388
57532.02528666666	418063.0711436128	8.864388
57532.02543944444	418086.32129809615	8.864388
57532.02559222222	418084.33864274214	8.864388
57532.025745	418087.82008707104	8.864388
57532.02589777778	418093.85783331183	8.864388
57532.02605055555	418082.8236742127	8.864388
57532.02620333333	418079.2858585845	8.864388
57532.026356111106	418066.3268051989	8.864388
57532.026508888885	418097.28154608683	8.864388
57532.02666166666	418092.0433724257	8.864388
57532.02696722222	418096.26026822435	8.864388
57532.02712	418098.9411130785	8.864388
57532.02727277778	418098.6992858395	8.864388
57532.02742555555	418106.4121754427	8.864388
57532.02757833333	418110.04223763396	8.864388
57532.027731111106	418105.86153978	8.864388
57532.027883888884	418110.39865054004	8.864388
57532.02803666666	418114.4308593873	8.864388
57532.02818944444	418118.58518957905	8.864388
57532.02834222222	418122.3812936683	8.864388
57532.028495	418112.0619274828	8.864388
57532.02864777778	418122.22039966285	8.864388
57532.02880055555	418125.42349965853	8.864388
57532.02895333333	418131.23809902696	8.864388
57532.029106111106	418135.8822817991	8.864388
57532.029258888884	418120.1576416567	8.864388
57532.02956444444	418137.7305166291	8.864388
57532.02971722222	418138.3717159436	8.864388
57532.02987	418140.94483010675	8.864388
57532.03002277778	418138.682181948	8.864388
57532.030175555556	418128.9555964353	8.864388
57532.03032833333	418138.5302772113	8.864388
57532.030481111105	418136.58698052354	8.864388
57532.030633888884	418150.47688310815	8.864388
57532.03078666666	418143.49200581847	8.864388
57532.03093944444	418139.6907355832	8.864388
57532.03109222222	418143.86093987426	8.864388
57532.031245	418160.025249229	8.864388
57532.03139777778	418156.3134433489	8.864388
57532.031550555555	418181.3141248273	8.864388
57532.03170333333	418171.7036894888	8.864388
57532.031856111105	418175.06026885356	8.864388
57532.032008888884	418163.25103370193	8.864388
57532.03216166666	418174.2223495147	8.864388
57532.03231444444	418195.72654159425	8.864388
57532.03246722222	418170.33281828486	8.864388
57532.03262	418162.1141406446	8.864388
57532.03277277778	418166.7631357429	8.864388
57532.032925555555	418185.4459707518	8.864388
57532.03307833333	418174.5518505875	8.864388
57532.033231111105	418187.87673985615	8.864388
57532.033383888884	418169.9296452814	8.864388
57532.03353666666	418192.026810578	8.864388
57532.03368944444	418184.3075244151	8.864388
57532.03384222222	418192.7874644981	8.864388
57532.033995	418210.5289470674	8.864388
57532.03414777778	418205.4122537517	8.864388
57532.034300555555	418207.66876457515	8.864388
57532.03445333333	418201.522118524	8.864388
57532.034606111105	418197.6726889261	8.864388
57532.03475888888	418212.97711290396	8.864388
57532.03491166666	418203.0996576035	8.864388
57532.03506444444	418196.4773440005	8.864388
57532.03521722222	418213.44201379066	8.864388
57532.03537	418204.65572408156	8.864388
57532.035675555555	418214.7509211146	8.864388
57532.03582833333	418224.871656565	8.864388
57532.035981111105	418230.44091878505	8.864388
57532.03613388888	418227.84988108586	8.864388
57532.03628666666	418232.97185223096	8.864388
57532.03643944444	418232.3079276191	8.864388
57532.03659222222	418225.40525972645	8.864388
57532.036745	417835.4267631547	8.864388
57532.036897777776	418229.70030796155	8.864388
57532.037050555555	418231.08145532594	8.864388
57532.03720333333	418250.9796981873	8.864388
57532.037356111105	418246.45287422446	8.864388
57532.03750888888	418233.09358755406	8.864388
57532.03766166666	418247.666399055	8.864388
57532.03781444444	418254.54456904135	8.864388
57532.03796722222	418255.3707031574	8.864388
57532.03812	417770.6562700567	8.864388
57532.038272777776	418234.5478313092	8.864388
57532.038425555555	418259.90218800056	8.864388
57532.03857833333	418253.47937579016	8.864388
57532.038731111104	418266.5314354275	8.864388
57532.03888388888	418264.3366424698	8.864388
57532.03903666666	418287.85175036534	8.864388
57532.03918944444	417498.45349574724	8.864388
57532.03934222222	418270.43163473596	8.864388
57532.039495	418262.12281240174	8.864388
57532.039647777776	418259.517396532	8.864388
57532.039800555554	418259.5196545856	8.864388
57532.03995333333	418273.9970591152	8.864388
57532.040106111104	418274.0612128475	8.864388
57532.04025888888	418270.0851824773	8.864388
57532.04041166666	418282.4468882989	8.864388
57532.04056444444	418279.7266382983	8.864388
57532.04071722222	418281.9774823031	8.864388
57532.04087	418280.7534441843	8.864388
57532.041022777776	418278.1234897521	8.864388
57532.041175555554	418308.0751381251	8.864388
57532.04132833333	418290.8821402966	8.864388
57532.041481111104	418292.51064395375	8.864388
57532.04163388888	418287.41427275527	8.864388
57532.04193944444	418301.6329805111	8.864388
57532.04209222222	418302.8819176188	8.864388
57532.042245	418293.20580958965	8.864388
57532.042397777775	418312.01412978076	8.864388
57532.042550555554	418305.75597599737	8.864388
57532.04270333333	418318.4464068525	8.864388
57532.04285611111	418310.4288506334	8.864388
57532.04300888888	418309.33782266214	8.864388
57532.04316166666	418308.35221491545	8.864388
57532.04331444444	418312.3474325623	8.864388
57532.04346722222	418331.09814059024	8.864388
57532.04362	418327.7805363686	8.864388
57532.043772777775	418319.1208575353	8.864388
57532.043925555554	418322.80594376323	8.864388
57532.04407833333	418315.9790183128	8.864388
57532.04423111111	418320.10629868705	8.864388
57532.04438388888	418331.06156201207	8.864388
57532.04453666666	418313.10306327214	8.864388
57532.04468944444	418347.9282747636	8.864388
57532.04484222222	418335.03833525296	8.864388
57532.044995	418331.9182592216	8.864388
57532.045147777775	418335.2049852781	8.864388
57532.045300555554	418330.19862300035	8.864388
57532.04545333333	418334.4730799664	8.864388
57532.04560611111	418337.55740409764	8.864388
57532.04575888888	418354.12505092775	8.864388
57532.04591166666	418350.0745309694	8.864388
57532.04606444444	418356.68246142816	8.864388
57532.04621722222	418352.88678220974	8.864388
57532.04637	418339.3911958162	8.864388
57532.046522777775	418348.709753306	8.864388
57532.04667555555	418362.85263276007	8.864388
57532.04682833333	418353.2404849539	8.864388
57532.04698111111	418349.27531060117	8.864388
57532.04713388888	418348.5480258952	8.864388
57532.04728666666	418382.29331147595	8.864388
57532.04743944444	418354.3587573741	8.864388
57532.04759222222	418357.97728785104	8.864388
57532.047744999996	418368.64462093485	8.864388
57532.047897777775	418358.5200965095	8.864388
57532.04805055555	418369.88736332924	8.864388
57532.04820333333	418377.7485719963	8.864388
57532.04835611111	418371.02801609767	8.864388
57532.04850888889	418377.41326566203	8.864388
57532.04866166666	418368.64045901416	8.864388
57532.04881444444	418031.9115882179	8.864388
57532.04896722222	418391.245548869	8.864388
57532.049119999996	418395.9769447641	8.864388
57532.049272777775	418376.51664127613	8.864388
57532.04942555555	418375.66017896065	8.864388
57532.04957833333	418381.6772841855	8.864388
57532.04973111111	418399.36109344737	8.864388
57532.04988388889	418385.1201893096	8.864388
57532.05003666666	418379.1285176821	8.864388
57532.05018944444	418387.8731159805	8.864388
57532.05034222222	418406.5552740268	8.864388
57532.050494999996	418394.10266381747	8.864388
57532.050647777774	418381.27001635305	8.864388
57532.05080055555	418386.71949372324	8.864388
57532.05095333333	418394.1340455535	8.864388
57532.05110611111	418394.69361042895	8.864388
57532.05125888889	418399.02063228947	8.864388
57532.05141166666	418392.130897192	8.864388
57532.05156444444	418402.03822627437	8.864388
57532.05171722222	418384.3624202176	8.864388
57532.051869999996	418395.9883690793	8.864388
57532.052022777774	418414.05401544354	8.864388
57532.05217555555	418411.5782928481	8.864388
57532.05232833333	418397.38784023415	8.864388
57532.05248111111	418402.83924695675	8.864388
57532.05263388889	418423.58230980544	8.864388
57532.05278666666	418419.93835933786	8.864388
57532.05293944444	418408.92546212365	8.864388
57532.05309222222	418401.3507165604	8.864388
57532.053244999996	418415.80919872056	8.864388
57532.053397777774	418408.782716071	8.864388
57532.05355055555	418418.9585234241	8.864388
57532.05370333333	418408.382524259	8.864388
57532.05385611111	418403.28524022567	8.864388
57532.05400888889	418409.68127492606	8.864388
57532.05416166666	418421.85558649775	8.864388
57532.05431444444	418401.6387436686	8.864388
57532.05446722222	418410.1572783416	8.864388
57532.054619999995	418403.77067324845	8.864388
57532.054772777774	418426.93963049306	8.864388
57532.05492555555	418405.16424379154	8.864388
57532.05507833333	418408.1758357421	8.864388
57532.05523111111	418429.2873137132	8.864388
57532.05538388889	418437.7345360941	8.864388
57532.05553666667	418428.89704742155	8.864388
57532.05568944444	418435.04162410146	8.864388
57532.05584222222	419182.9278919507	8.864388
57532.055994999995	418427.74427693314	8.864388
57532.056147777774	418419.1023618671	8.864388
57532.05630055555	418426.34499879234	8.864388
57532.05645333333	418416.3310637078	8.864388
57532.05660611111	418165.59076730994	8.864388
57532.05675888889	418422.6502867944	8.864388
57532.05691166667	418610.564067628	8.864388
57532.05706444444	418450.52777104464	8.864388
57532.05721722222	418624.0262490413	8.864388
57532.057369999995	418413.4805129159	8.864388
57532.05752277777	418417.2031657704	8.864388
57532.05767555555	418433.74788527907	8.864388
57532.05782833333	418432.73272428435	8.864388
57532.05798111111	418445.7824909423	8.864388
57532.05813388889	418433.80143004155	8.864388
57532.05828666667	418423.08121021686	8.864388
57532.05843944444	418438.9844029509	8.864388
57532.058592222216	418452.8761699665	8.864388
57532.058744999995	418436.26832132274	8.864388
57532.05889777777	418429.06697750615	8.864388
57532.05905055555	418404.5181264519	8.864388
57532.05920333333	418433.3402429377	8.864388
57532.05935611111	418436.44563034154	8.864388
57532.05950888889	418447.03391807416	8.864388
57532.059661666666	418445.5545710761	8.864388
57532.08441166666	418291.5290610968	8.864388
57532.08456444444	418273.6340431906	8.864388
57532.08471722222	418265.44380821235	8.864388
57532.08487	418273.9123639857	8.864388
57532.08502277778	418285.2280225556	8.864388
57532.08517555555	418259.3472709401	8.864388
57532.08532833333	418249.29795912816	8.864388
57532.085481111106	418250.7220756449	8.864388
57532.085633888884	418255.02648601466	8.864388
57532.08578666666	418211.14723127167	8.864388
57532.08593944444	418196.2690420393	8.864388
57532.08609222222	418212.88444013335	8.864388
57532.086245	418202.6012344415	8.864388
57532.08639777778	418190.13854917226	8.864388
57532.086550555556	418197.57832213974	8.864388
57532.08670333333	418192.9841641749	8.864388
57532.086856111106	418193.7299434329	8.864388
57532.087008888884	418190.6677466713	8.864388
57532.08716166666	418180.50787573075	8.864388
57532.08731444444	418187.672247835	8.864388
57532.08746722222	418178.3672142315	8.864388
57532.08762	418191.2085461812	8.864388
57532.08777277778	418238.3428790024	8.864388
57532.087925555556	418217.04489700915	8.864388
57532.08807833333	418224.0145514099	8.864388
57532.088231111105	418225.41789044096	8.864388
57532.088383888884	418219.54804684565	8.864388
57532.08853666666	418211.2866396867	8.864388
57532.08868944444	418232.80901936867	8.864388
57532.08884222222	418211.64665106224	8.864388
57532.088995	418222.5359377175	8.864388
57532.08914777778	418213.6823448471	8.864388
57532.089300555555	418219.80151178694	8.864388
57532.08945333333	418220.6892037627	8.864388
57532.089606111105	418203.6364257731	8.864388
57532.089758888884	417775.9547148036	8.864388
57532.08991166666	418209.7389359946	8.864388
57532.09006444444	418209.67839082505	8.864388
57532.09052277778	418199.2389623501	8.864388
57532.090675555555	418182.5145072404	8.864388
57532.09082833333	418198.7514116359	8.864388
57532.090981111105	418195.8564969124	8.864388
57532.09113388888	418204.66353441763	8.864388
57532.09128666666	418180.77303312934	8.864388
57532.09143944444	418192.2277417919	8.864388
57532.09159222222	418186.8043501035	8.864388
57532.091745	418185.82846445293	8.864388
57532.09189777778	418176.819690148	8.864388
57532.092050555555	418180.0803253123	8.864388
57532.092203333326	418188.2055528713	8.864388
57532.092356111105	418156.4039539517	8.864388
57532.09250888888	418192.972337366	8.864388
57532.09266166666	418178.1122320508	8.864388
57532.09281444444	418163.3725654627	8.864388
57532.09296722222	418158.68814113404	8.864388
57532.09312	418165.15740100614	8.864388
57532.093272777776	418169.51776105916	8.864388
57532.093425555555	418170.8073119191	8.864388
57532.09357833333	418144.65448620456	8.864388
57532.093731111105	418159.2309453539	8.864388
57532.09388388888	418149.11069930735	8.864388
57532.09403666666	418160.05876874493	8.864388
57532.09418944444	418160.63871175394	8.864388
57532.09434222222	418137.8695753062	8.864388
57532.094495	418144.4746729925	8.864388
57532.094647777776	418141.79521978606	8.864388
57532.094800555555	418147.8151001851	8.864388
57532.09495333333	418160.6253579579	8.864388
57532.095106111105	418129.36018569436	8.864388
57532.09525888888	418130.0002088734	8.864388
57532.09556444444	418139.79943961697	8.864388
57532.09571722222	418134.52022254054	8.864388
57532.09587	418130.7985029392	8.864388
57532.096022777776	418130.6778001947	8.864388
57532.096175555555	418123.9253132995	8.864388
57532.09632833333	418109.3968823213	8.864388
57532.096481111104	418135.42726141046	8.864388
57532.09663388888	418115.2964234791	8.864388
57532.09678666666	418116.23256872885	8.864388
57532.09693944444	418127.72198431013	8.864388
57532.09709222222	418123.96872924344	8.864388
57532.097245	418110.94167194515	8.864388
57532.097397777776	418125.80817375524	8.864388
57532.097550555554	418112.1699022809	8.864388
57532.09770333333	418123.16235045594	8.864388
57532.097856111104	418097.1625551272	8.864388
57532.09800888888	418109.70221255475	8.864388
57532.09816166666	418118.19642949343	8.864388
57532.09831444444	418110.9436596431	8.864388
57532.09846722222	418104.5282292791	8.864388
57532.09862	418083.8667075405	8.864388
57532.098772777776	418101.40717410046	8.864388
57532.098925555554	418092.32397913956	8.864388
57532.09907833333	418094.7460898739	8.864388
57532.09923111111	418089.90749277617	8.864388
57532.09938388888	418087.67373848177	8.864388
57532.09953666666	418100.7803293775	8.864388
57532.09968944444	418073.53604767896	8.864388
57532.09984222222	418080.8400299864	8.864388
57532.099995	418829.7420091513	8.864388
57532.100147777775	418085.18601760827	8.864388
57532.100300555554	418083.8408964483	8.864388
57532.10045333333	418080.0980555344	8.864388
57532.10060611111	418072.22895193147	8.864388
57532.10075888888	418085.5027842244	8.864388
57532.10091166666	418078.0030033542	8.864388
57532.10106444444	418483.5238396299	8.864388
57532.10121722222	418077.59267814545	8.864388
57532.10137	418070.72910997225	8.864388
57532.101522777775	418071.01682850026	8.864388
57532.10182833333	418065.2955430374	8.864388
57532.10198111111	418065.6470569089	8.864388
57532.10213388888	418060.6094270847	8.864388
57532.10228666666	418065.076216469	8.864388
57532.10243944444	418052.8560936339	8.864388
57532.10259222222	418054.42190064344	8.864388
57532.102745	418047.2229262482	8.864388
57532.102897777775	418046.787205799	8.864388
57532.10305055555	418066.44821643946	8.864388
57532.10320333333	418045.2267009106	8.864388
57532.10335611111	418049.1534233125	8.864388
57532.10350888888	418066.5661306918	8.864388
57532.10366166666	418040.11093268817	8.864388
57532.10381444444	418038.1316658712	8.864388
57532.104119999996	418049.4032376989	8.864388
57532.104272777775	418045.19742866297	8.864388
57532.10442555555	418029.83717383223	8.864388
57532.10473111111	418062.75537066365	8.864388
57532.10488388888	418027.22661046113	8.864388
57532.10503666666	418040.37555039854	8.864388
57532.10518944444	418027.9867902479	8.864388
57532.10534222222	418033.5590790741	8.864388
57532.105494999996	418028.5885361162	8.864388
57532.105647777775	418057.4366482059	8.864388
57532.10580055555	418030.9667616025	8.864388
57532.10595333333	418023.42515366076	8.864388
57532.10610611111	418029.42247490655	8.864388
57532.10625888889	418030.9179657663	8.864388
57532.10641166666	418035.81306862243	8.864388
57532.10656444444	418027.12701899395	8.864388
57532.10671722222	418017.0323386352	8.864388
57532.106869999996	418034.13218533667	8.864388
57532.107022777775	418012.4405571747	8.864388
57532.10717555555	418029.1059317681	8.864388
57532.10748111111	418009.8452722475	8.864388
57532.10763388889	418032.90304727503	8.864388
57532.10778666666	418010.2937409121	8.864388
57532.10793944444	418019.03512504586	8.864388
57532.10809222222	418018.9268260808	8.864388
57532.108244999996	418013.20441058493	8.864388
57532.108397777774	418017.25578585564	8.864388
57532.10855055555	418012.0883163161	8.864388
57532.10870333333	418005.9154888192	8.864388
57532.10885611111	418013.68777550256	8.864388
57532.10900888889	417998.52633499913	8.864388
57532.10916166666	418006.8504670034	8.864388
57532.10931444444	418009.1565538311	8.864388
57532.10946722222	417999.44714921585	8.864388
57532.109619999996	418011.6056469348	8.864388
57532.109772777774	418004.72668599436	8.864388
57532.10992555555	417993.5629964651	8.864388
57532.11007833333	418018.20410596876	8.864388
57532.11023111111	418010.59115862066	8.864388
57532.11038388889	418007.86502781685	8.864388
57532.11053666666	417989.2538102148	8.864388
57532.11068944444	417997.0871002569	8.864388
57532.11084222222	418021.50580984063	8.864388
57532.110994999995	418001.0820891906	8.864388
57532.111147777774	417919.2031903902	8.864388
57532.11130055555	418002.34115856304	8.864388
57532.11145333333	418009.20348386426	8.864388
57532.11160611111	418173.12812766206	8.864388
57532.11175888889	417999.1530180627	8.864388
57532.11191166667	418003.362608498	8.864388
57532.11206444444	418000.29448538995	8.864388
57532.11221722222	418003.5333635507	8.864388
57532.112369999995	417995.81143803574	8.864388
57532.112522777774	417996.89767756005	8.864388
57532.11267555555	417995.17419146607	8.864388
57532.11282833333	417987.458702494	8.864388
57532.11298111111	417989.50346351473	8.864388
57532.11313388889	417993.1438127266	8.864388
57532.11328666667	417994.45833641407	8.864388
57532.11343944444	417994.5853475988	8.864388
57532.11359222222	417995.50117615244	8.864388
57532.113744999995	417986.3558801604	8.864388
57532.113897777774	417982.2594881255	8.864388
57532.11405055555	417993.4108018315	8.864388
57532.11420333333	418002.9154213532	8.864388
57532.11435611111	417991.77742517367	8.864388
57532.11450888889	417985.4622188389	8.864388
57532.11466166667	417990.07667571807	8.864388
57532.11481444444	417991.6681502132	8.864388
57532.11496722222	417984.5122266075	8.864388
57532.115119999995	417993.7352649457	8.864388
57532.11527277777	417987.17438974575	8.864388
57532.11542555555	417980.98019654397	8.864388
57532.11557833333	417988.7579867281	8.864388
57532.11573111111	417985.68392095325	8.864388
57532.11588388889	417980.19560124486	8.864388
57532.116036666666	417987.3611511078	8.864388
57532.11618944444	417990.410330154	8.864388
57532.116342222216	417984.5705903269	8.864388
57532.116494999995	417975.7684879072	8.864388
57532.11664777777	417977.4068911389	8.864388
57532.11680055555	417994.0059431045	8.864388
57532.11695333333	417983.65429316805	8.864388
57532.11710611111	418005.6326400973	8.864388
57532.11725888889	417992.0511287405	8.864388
57532.117411666666	417993.0113420032	8.864388
57532.11756444444	417989.07640783954	8.864388
57532.117717222216	417985.7325708843	8.864388
57532.117869999995	417996.4651907454	8.864388
57532.11802277777	418000.6562342808	8.864388
57532.11817555555	417980.1529518024	8.864388
57532.11832833333	418001.8373413339	8.864388
57532.11848111111	418011.6197221942	8.864388
57532.11863388889	417992.4632671568	8.864388
57532.118786666666	417987.900316068	8.864388
57532.118939444445	417991.7539525406	8.864388
57532.119092222216	418003.4710053074	8.864388
57532.119244999994	417980.0125263807	8.864388
57532.11939777777	417984.5856176286	8.864388
57532.11955055555	417976.3909543811	8.864388
57532.11970333333	417989.992464486	8.864388
57532.11985611111	417987.77299301134	8.864388
57532.12000888889	418007.255456838	8.864388
57532.120161666666	417996.79375007114	8.864388
57532.120314444444	417993.56568976474	8.864388
57532.120619999994	418006.4674947836	8.864388
57532.12077277777	418000.46909697313	8.864388
57532.12092555555	417984.0594146792	8.864388
57532.12107833333	417982.036062646	8.864388
57532.12123111111	418004.65214597783	8.864388
57532.12138388889	418002.51291705243	8.864388
57532.121536666666	418000.69787233416	8.864388
57532.121689444444	417998.5719768035	8.864388
57532.121842222215	417989.711816415	8.864388
57532.12214777777	417997.4957633115	8.864388
57532.12230055555	418003.3512030954	8.864388
57532.12245333333	417268.6248724935	8.864388
57532.12260611111	418760.22222982574	8.864388
57532.12275888889	418004.5604255093	8.864388
57532.122911666665	418001.8229945457	8.864388
57532.123064444444	418001.4352620529	8.864388
57532.123217222215	418001.27281518286	8.864388
57532.123369999994	418003.963375299	8.864388
57532.12352277777	418000.1920261957	8.864388
57532.12367555555	418007.63430461276	8.864388
57532.12382833333	418007.5048038004	8.864388
57532.12398111111	417995.386201897	8.864388
57532.124286666665	418004.65637757414	8.864388
57532.124439444444	418023.92759918707	8.864388
57532.12459222222	418014.1850856581	8.864388
57532.124744999994	417995.6853186253	8.864388
57532.12489777777	418006.3241632961	8.864388
57532.12505055555	418013.70515389	8.864388
57532.12520333333	418020.8472667075	8.864388
57532.12535611111	418018.47529708216	8.864388
57532.12550888889	418027.28993261734	8.864388
57532.125661666665	418006.59696841286	8.864388
57532.125814444444	418011.6099755253	8.864388
57532.12596722222	418036.25326379895	8.864388
57532.15071722222	418325.4060819052	8.864388
57532.15087	418316.7214834571	8.864388
57532.151022777776	418307.7763259499	8.864388
57532.151175555555	418317.33514157636	8.864388
57532.15132833333	418325.1585502849	8.864388
57532.151481111105	418315.53421066474	8.864388
57532.15163388888	418339.8560633626	8.864388
57532.15178666666	418330.0515168807	8.864388
57532.15193944444	418327.4668382859	8.864388
57532.15209222222	418342.36992074	8.864388
57532.152397777776	418354.93167493574	8.864388
57532.152550555555	418326.68397034367	8.864388
57532.15270333333	418350.45658598526	8.864388
57532.152856111104	418341.5369758525	8.864388
57532.15300888888	418352.84132780094	8.864388
57532.15316166666	418360.590847743	8.864388
57532.15331444444	418339.08824030636	8.864388
57532.15346722222	418347.08083707147	8.864388
57532.15362	418360.8943924696	8.864388
57532.153772777776	418500.15111475566	8.864388
57532.153925555554	418352.21933459747	8.864388
57532.15407833333	418356.2591605477	8.864388
57532.154231111104	418351.6497616165	8.864388
57532.15438388888	418366.3888493151	8.864388
57532.15453666666	418363.3560820645	8.864388
57532.15468944444	418355.5488830294	8.864388
57532.15484222222	418381.5980302724	8.864388
57532.154995	418364.7413578884	8.864388
57532.155147777776	418375.0356523667	8.864388
57532.155300555554	418375.42197844817	8.864388
57532.15545333333	418381.9380233939	8.864388
57532.155606111104	418381.1466345483	8.864388
57532.15575888888	418382.77443884924	8.864388
57532.15591166666	418387.9626916656	8.864388
57532.15606444444	418397.716717808	8.864388
57532.15621722222	418377.53350807424	8.864388
57532.15637	418389.80285671353	8.864388
57532.156522777776	418385.6973257827	8.864388
57532.156675555554	418381.01093714795	8.864388
57532.15682833333	418386.75982529286	8.864388
57532.15698111111	418395.0588191384	8.864388
57532.15713388888	418396.29296189867	8.864388
57532.15728666666	418396.87255405204	8.864388
57532.15743944444	418388.2603893817	8.864388
57532.15759222222	418404.48313931655	8.864388
57532.157745	418399.1417648605	8.864388
57532.157897777775	418406.66464448255	8.864388
57532.158050555554	418416.1294894226	8.864388
57532.15820333333	418404.74232369015	8.864388
57532.15835611111	418406.03850395046	8.864388
57532.15850888888	418935.1150754189	8.864388
57532.15866166666	418428.93324620277	8.864388
57532.15881444444	418412.66626193037	8.864388
57532.15896722222	418430.91728794127	8.864388
57532.15912	418397.16024362546	8.864388
57532.159272777775	418408.9056839623	8.864388
57532.159425555554	418420.2206617763	8.864388
57532.15957833333	418418.463824351	8.864388
57532.15973111111	418429.46349878336	8.864388
57532.15988388888	418439.361011143	8.864388
57532.16003666666	418425.48221018165	8.864388
57532.16018944444	418428.9655086447	8.864388
57532.16034222222	418429.3602415468	8.864388
57532.160495	418437.34435480356	8.864388
57532.160647777775	418433.51351729763	8.864388
57532.16080055555	418422.03974831663	8.864388
57532.16095333333	418429.5909329424	8.864388
57532.16110611111	418431.5950922043	8.864388
57532.16125888888	418434.7093053372	8.864388
57532.16141166666	419000.9309846782	8.864388
57532.16156444444	418451.6782287242	8.864388
57532.16171722222	418449.2785981458	8.864388
57532.161869999996	418437.423459126	8.864388
57532.162022777775	418453.68909791106	8.864388
57532.16217555555	418438.89005754143	8.864388
57532.16232833333	418449.46443517273	8.864388
57532.16248111111	418451.4863314456	8.864388
57532.16263388888	418450.52870580985	8.864388
57532.16278666666	418446.04601538804	8.864388
57532.16293944444	418457.5244850838	8.864388
57532.16309222222	418452.4826962637	8.864388
57532.163244999996	418463.72371289216	8.864388
57532.163397777775	418446.2786460396	8.864388
57532.16355055555	418452.5986427336	8.864388
57532.16370333333	418460.2782817045	8.864388
57532.16385611111	418446.722936355	8.864388
57532.16400888889	418457.953307082	8.864388
57532.16416166666	418468.1521002731	8.864388
57532.16431444444	418467.0268470769	8.864388
57532.16446722222	418480.3187399229	8.864388
57532.164619999996	418483.53470316704	8.864388
57532.164772777774	418465.9333922717	8.864388
57532.16492555555	418456.01264332683	8.864388
57532.16507833333	418469.28683284984	8.864388
57532.16523111111	418478.00070368155	8.864388
57532.16538388889	418468.8140726358	8.864388
57532.16553666666	418472.845916489	8.864388
57532.16568944444	418465.4342514807	8.864388
57532.16584222222	418480.07209534216	8.864388
57532.165994999996	418480.0532235696	8.864388
57532.166147777774	418481.81754311366	8.864388
57532.16630055555	418463.2175912494	8.864388
57532.16645333333	418468.47469908855	8.864388
57532.16660611111	418479.94102052104	8.864388
57532.16675888889	418492.71019369183	8.864388
57532.16691166666	418469.05341101554	8.864388
57532.16706444444	418487.5642307016	8.864388
57532.16721722222	418498.338103889	8.864388
57532.167369999996	418465.81132057076	8.864388
57532.167522777774	418494.5823515145	8.864388
57532.16767555555	418490.77594605385	8.864388
57532.16782833333	418487.5579893907	8.864388
57532.16798111111	418501.4029170558	8.864388
57532.16813388889	418503.28193673375	8.864388
57532.16828666666	418488.7728399592	8.864388
57532.16843944444	418490.5106001276	8.864388
57532.16859222222	418501.2757594655	8.864388
57532.168744999995	418495.38030178583	8.864388
57532.168897777774	417814.8015042657	8.864388
57532.16905055555	418484.8588186017	8.864388
57532.16920333333	418487.83945724944	8.864388
57532.16935611111	418480.7768432587	8.864388
57532.16950888889	418508.9842046431	8.864388
57532.16966166667	418509.3093123642	8.864388
57532.16981444444	418511.27145396627	8.864388
57532.16996722222	418479.4426756817	8.864388
57532.170119999995	418447.68724244693	8.864388
57532.170272777774	418454.4338113247	8.864388
57532.17042555555	418442.3129630277	8.864388
57532.17057833333	418457.88905181776	8.864388
57532.17073111111	418451.7864384768	8.864388
57532.17088388889	418442.2272843419	8.864388
57532.17103666667	418454.59687236877	8.864388
57532.17118944444	418456.3579961519	8.864388
57532.17134222222	418456.6601255113	8.864388
57532.171494999995	418445.6447928082	8.864388
57532.17164777777	418445.66870852176	8.864388
57532.17180055555	418443.7439184715	8.864388
57532.17195333333	418462.5151521092	8.864388
57532.17210611111	418502.5657154162	8.864388
57532.17225888889	418498.96817399666	8.864388
57532.17241166667	418502.87577318825	8.864388
57532.17256444444	418492.4218022966	8.864388
57532.172717222216	418495.9461611335	8.864388
57532.172869999995	418520.40761293005	8.864388
57532.17302277777	419111.17269254336	8.864388
57532.17317555555	418489.96206895437	8.864388
57532.17332833333	418507.01516088954	8.864388
57532.17348111111	418512.2430254142	8.864388
57532.17363388889	418505.5239819335	8.864388
57532.173786666666	418502.2447680855	8.864388
57532.17393944444	418485.6215681144	8.864388
57532.174092222216	418508.5036116712	8.864388
57532.174244999995	418487.431084696	8.864388
57532.17439777777	418510.49056000664	8.864388
57532.17455055555	418507.1106371016	8.864388
57532.17470333333	418517.23463092267	8.864388
57532.17485611111	418502.60079615726	8.864388
57532.17500888889	418494.78557025397	8.864388
57532.175161666666	418447.8241272138	8.864388
57532.17531444444	418524.18434442877	8.864388
57532.175467222216	418263.5492521209	8.864388
57532.175619999995	418501.40047036135	8.864388
57532.17577277777	418518.6263814918	8.864388
57532.17592555555	418514.7073793593	8.864388
57532.17607833333	418490.00917300454	8.864388
57532.17623111111	418503.0872806669	8.864388
57532.17638388889	418522.2314644784	8.864388
57532.176536666666	418499.6336440551	8.864388
57532.176689444444	418514.8942106075	8.864388
57532.176842222216	418491.7355498328	8.864388
57532.176994999994	418522.6174744062	8.864388
57532.17714777777	418508.0905598835	8.864388
57532.17730055555	418516.885313097	8.864388
57532.17745333333	418508.91838470876	8.864388
57532.17760611111	418509.2437075538	8.864388
57532.17775888889	418500.35728040914	8.864388
57532.177911666666	418495.0545614499	8.864388
57532.178064444444	418494.05175795825	8.864388
57532.178217222216	418496.1555412889	8.864388
57532.178369999994	418510.8435738866	8.864388
57532.17852277777	418493.34795103496	8.864388
57532.17867555555	418487.4727532138	8.864388
57532.17882833333	418492.09094491205	8.864388
57532.17898111111	418501.82719038904	8.864388
57532.17913388889	418496.22926059243	8.864388
57532.179286666666	418493.922417229	8.864388
57532.179439444444	418511.07397160307	8.864388
57532.179592222215	418500.1586707681	8.864388
57532.179744999994	418507.29664208053	8.864388
57532.17989777777	418484.2460017094	8.864388
57532.18005055555	418497.0848502032	8.864388
57532.18020333333	418497.50333418645	8.864388
57532.18035611111	418507.84175585455	8.864388
57532.18050888889	418479.5186508631	8.864388
57532.180661666665	418500.5484703585	8.864388
57532.180814444444	418471.09278800973	8.864388
57532.180967222215	418494.30254676886	8.864388
57532.181119999994	418484.39211072755	8.864388
57532.18127277777	418487.02905302367	8.864388
57532.18157833333	418499.63795024727	8.864388
57532.18173111111	418482.6220432178	8.864388
57532.18188388889	418498.2003182736	8.864388
57532.182036666665	418374.2543269813	8.864388
57532.182189444444	418474.9358378951	8.864388
57532.18234222222	418499.4270363157	8.864388
57532.182494999994	418493.33101438184	8.864388
57532.18264777777	418479.1478991045	8.864388
57532.18280055555	418500.3835269665	8.864388
57532.18295333333	418485.1987734458	8.864388
57532.18310611111	418486.8734900012	8.864388
57532.18325888889	418482.23927023157	8.864388
57532.183411666665	419140.90352306084	8.864388
57532.18356444444	418475.9744195359	8.864388
57532.18371722222	418792.3223141835	8.864388
57532.18386999999	418469.9935269248	8.864388
57532.18402277777	418461.63537749316	8.864388
57532.18417555555	418467.1662046238	8.864388
57532.18432833333	418475.2141928832	8.864388
57532.18448111111	418467.20637098927	8.864388
57532.184633888886	418374.00427394663	8.864388
57532.184786666665	418799.2623185424	8.864388
57532.18493944444	418455.279741679	8.864388
57532.18509222222	418464.7409581538	8.864388
57532.18524499999	418470.25485624647	8.864388
57532.18539777777	418476.55760285625	8.864388
57532.18555055555	418471.48147196125	8.864388
57532.18570333333	418473.20003530796	8.864388
57532.18585611111	418459.6053466262	8.864388
57532.186008888886	419140.58123728883	8.864388
57532.18631444444	418449.37058934884	8.864388
57532.18646722222	418446.2602433842	8.864388
57532.18661999999	418468.35124277184	8.864388
57532.18677277777	418470.8045265521	8.864388
57532.18692555555	418464.05842627736	8.864388
57532.18707833333	418582.49746679835	8.864388
57532.18723111111	418470.5674705019	8.864388
57532.187383888886	418452.8798388061	8.864388
57532.187536666665	418452.10326471523	8.864388
57532.18768944444	418453.4653063798	8.864388
57532.18784222222	418456.41642953985	8.864388
57532.18799499999	418457.02038069116	8.864388
57532.18814777777	418442.0715008645	8.864388
57532.18830055555	418430.0815637689	8.864388
57532.18845333333	418445.5825556298	8.864388
57532.18860611111	418443.2233425844	8.864388
57532.188758888886	418445.048853087	8.864388
57532.188911666664	418444.29119542864	8.864388
57532.18906444444	418446.3884155328	8.864388
57532.18921722222	418433.64567114797	8.864388
57532.18937	418429.6696523273	8.864388
57532.18952277777	418434.03122556594	8.864388
57532.18967555555	418423.8783963839	8.864388
57532.18982833333	418417.02541995037	8.864388
57532.18998111111	418424.36693925096	8.864388
57532.190133888886	418445.17702426045	8.864388
57532.190286666664	418418.2446689826	8.864388
57532.19043944444	418426.1443597337	8.864388
57532.19059222222	418408.4367343973	8.864388
57532.190745	418434.04859215644	8.864388
57532.19089777777	418419.3772081016	8.864388
57532.19105055555	418410.8567786332	8.864388
57532.19120333333	418415.37513618096	8.864388
57532.19135611111	418402.24533217965	8.864388
57532.191508888885	418411.54384486785	8.864388
57532.191661666664	418416.6302908049	8.864388
57532.19181444444	418413.4224065206	8.864388
57532.19196722222	418420.5089143609	8.864388
57532.19212	418499.4337079769	8.864388
57532.19227277777	418409.7938206405	8.864388
57532.217022777775	418112.44801336783	8.864388
57532.21732833333	418137.00486711477	8.864388
57532.21748111111	418119.80305723974	8.864388
57532.21763388888	418114.6753972396	8.864388
57532.21778666666	418106.83827120595	8.864388
57532.21793944444	418117.7510446983	8.864388
57532.21809222222	418110.2211357493	8.864388
57532.218245	418124.02796251635	8.864388
57532.218397777775	418096.8500977734	8.864388
57532.21855055555	418120.2419387136	8.864388
57532.21870333333	418094.03927602735	8.864388
57532.21885611111	418120.455873062	8.864388
57532.21900888888	418103.8374373079	8.864388
57532.21916166666	418091.1891605445	8.864388
57532.21931444444	418104.28439820866	8.864388
57532.21946722222	418111.2288117434	8.864388
57532.219619999996	418094.50709308503	8.864388
57532.219772777775	418100.3325148137	8.864388
57532.21992555555	418087.0543373831	8.864388
57532.22007833333	418085.5929461339	8.864388
57532.22023111111	418079.24098847306	8.864388
57532.22038388889	418102.79106269195	8.864388
57532.22053666666	418077.0269653879	8.864388
57532.22068944444	418071.0858878506	8.864388
57532.22084222222	418084.6101165802	8.864388
57532.220994999996	418102.3485025311	8.864388
57532.221147777775	418087.1170353611	8.864388
57532.22130055555	418096.4360057155	8.864388
57532.22145333333	418080.5261666576	8.864388
57532.22160611111	418074.8201964057	8.864388
57532.22175888889	418067.2831323904	8.864388
57532.22191166666	418089.8223696142	8.864388
57532.22206444444	418074.0316748669	8.864388
57532.22221722222	418092.29453964403	8.864388
57532.222369999996	418064.45746672864	8.864388
57532.222522777774	418084.3918924406	8.864388
57532.22267555555	418085.14708946884	8.864388
57532.22282833333	418071.70347762795	8.864388
57532.22298111111	418066.3818623923	8.864388
57532.22313388889	418075.6001386198	8.864388
57532.22328666666	418078.8659970844	8.864388
57532.22343944444	418075.79036816984	8.864388
57532.22359222222	418072.36916126194	8.864388
57532.223744999996	418074.6981158701	8.864388
57532.223897777774	418064.1238459637	8.864388
57532.22405055555	418070.58412161365	8.864388
57532.22420333333	418076.963320015	8.864388
57532.22435611111	418059.26551745756	8.864388
57532.22450888889	418064.63362058834	8.864388
57532.22466166666	418052.59732973453	8.864388
57532.22481444444	418077.6699466113	8.864388
57532.22496722222	418075.0166995368	8.864388
57532.225119999996	418087.401231066	8.864388
57532.225272777774	418065.54752961185	8.864388
57532.22542555555	418065.75736901286	8.864388
57532.22557833333	418076.9424669598	8.864388
57532.22573111111	418075.58532419713	8.864388
57532.22588388889	418062.1992738414	8.864388
57532.22603666666	418070.0682058497	8.864388
57532.22618944444	418816.6785045798	8.864388
57532.22634222222	418885.5032013895	8.864388
57532.226494999995	418068.4500778902	8.864388
57532.226647777774	418058.2068641361	8.864388
57532.22680055555	418052.1800642801	8.864388
57532.22695333333	418067.95735814597	8.864388
57532.22710611111	418067.84507522185	8.864388
57532.22725888889	418054.2185066104	8.864388
57532.22741166667	418065.33566211036	8.864388
57532.22756444444	418044.5067770371	8.864388
57532.22771722222	418062.392498613	8.864388
57532.227869999995	418052.91895251244	8.864388
57532.228022777774	418062.12879309285	8.864388
57532.22817555555	417811.31645482406	8.864388
57532.22832833333	418063.873740024	8.864388
57532.22848111111	418062.3769390208	8.864388
57532.22863388889	418065.0673606418	8.864388
57532.22878666667	418067.8565452696	8.864388
57532.22893944444	418062.3038408669	8.864388
57532.22909222222	418055.7411327983	8.864388
57532.229244999995	418051.52525919647	8.864388
57532.22939777777	418065.1565611617	8.864388
57532.22955055555	418065.32804251387	8.864388
57532.22970333333	418069.0983248786	8.864388
57532.22985611111	418060.2044415389	8.864388
57532.23000888889	418070.4665743657	8.864388
57532.23016166667	418066.9825341414	8.864388
57532.23031444444	418077.6522827081	8.864388
57532.230467222216	418062.59733402537	8.864388
57532.230619999995	418034.78518636245	8.864388
57532.23077277777	418068.6485252	8.864388
57532.23092555555	418056.93945972255	8.864388
57532.23107833333	418075.7896741602	8.864388
57532.23123111111	418048.9993293539	8.864388
57532.23138388889	418060.70329081547	8.864388
57532.231536666666	418049.5604923358	8.864388
57532.23168944444	418061.19241264596	8.864388
57532.231842222216	418077.22467365453	8.864388
57532.231994999995	418061.7467155506	8.864388
57532.23214777777	418068.74471765273	8.864388
57532.23230055555	418055.54553231935	8.864388
57532.23245333333	418055.04616863	8.864388
57532.23260611111	418056.64303574356	8.864388
57532.23275888889	418066.74855490506	8.864388
57532.232911666666	418056.8122863205	8.864388
57532.233064444445	418047.4483271783	8.864388
57532.233217222216	418075.50864464405	8.864388
57532.233369999994	418065.47858639027	8.864388
57532.23352277777	418060.15844077297	8.864388
57532.23367555555	418062.5760472233	8.864388
57532.23382833333	418057.6367386134	8.864388
57532.23398111111	418043.5589296097	8.864388
57532.23413388889	418057.93162896053	8.864388
57532.234286666666	418071.7537252529	8.864388
57532.234439444444	418064.7212046975	8.864388
57532.234592222216	418092.5463772379	8.864388
57532.234744999994	418095.66799563455	8.864388
57532.23489777777	418073.979590626	8.864388
57532.23505055555	418073.23921107204	8.864388
57532.23520333333	418071.7004395294	8.864388
57532.23535611111	418068.9454483228	8.864388
57532.23550888889	418066.1623276266	8.864388
57532.235661666666	418080.34328398673	8.864388
57532.235814444444	418070.34886676504	8.864388
57532.235967222216	418079.5603018117	8.864388
57532.236119999994	418064.92736461916	8.864388
57532.23627277777	418077.54983630835	8.864388
57532.23642555555	418077.8292719499	8.864388
57532.23657833333	418089.0219228863	8.864388
57532.23673111111	418077.9849730265	8.864388
57532.23688388889	418069.9290064765	8.864388
57532.237036666666	418089.55740818905	8.864388
57532.237189444444	418069.655386847	8.864388
57532.237342222215	418071.1127649245	8.864388
57532.237494999994	418094.48465013754	8.864388
57532.23764777777	418075.184554446	8.864388
57532.23780055555	418078.1642736377	8.864388
57532.23795333333	418085.85728397017	8.864388
57532.23810611111	418087.79935770645	8.864388
57532.23825888889	418079.49171754764	8.864388
57532.238411666665	418080.3257083422	8.864388
57532.238564444444	418096.8235409227	8.864388
57532.238717222215	418088.4833001159	8.864388
57532.238869999994	418095.4211765525	8.864388
57532.23902277777	418076.75633881893	8.864388
57532.23917555555	418098.2778714664	8.864388
57532.23932833333	417387.3155447426	8.864388
57532.23948111111	418091.3222964787	8.864388
57532.23963388889	418085.8765119771	8.864388
57532.239786666665	418099.63473207457	8.864388
57532.239939444444	418100.93926852185	8.864388
57532.24009222222	418105.06265039166	8.864388
57532.24024499999	418090.3720830622	8.864388
57532.24039777777	418104.36299526435	8.864388
57532.24055055555	418115.132126398	8.864388
57532.24070333333	418111.4321691029	8.864388
57532.24085611111	418089.8040744228	8.864388
57532.24100888889	418094.98434844794	8.864388
57532.241161666665	418119.3438067113	8.864388
57532.24131444444	418106.427491015	8.864388
57532.24146722222	418107.38263667206	8.864388
57532.24161999999	418109.3473365723	8.864388
57532.24177277777	418103.7846607382	8.864388
57532.24192555555	418117.6552946185	8.864388
57532.24207833333	418123.7109879599	8.864388
57532.24223111111	418138.88781066425	8.864388
57532.242383888886	418108.47737287154	8.864388
57532.242536666665	418112.18240841693	8.864388
57532.24268944444	418131.7559669342	8.864388
57532.24284222222	418116.9907822524	8.864388
57532.24299499999	418124.75803104433	8.864388
57532.24314777777	418127.49495704786	8.864388
57532.24330055555	418108.185991261	8.864388
57532.24345333333	418124.23007910774	8.864388
57532.24360611111	418117.04823056393	8.864388
57532.243758888886	418131.3312499167	8.864388
57532.243911666665	418113.7847154696	8.864388
57532.24406444444	418124.4814627542	8.864388
57532.24421722222	418141.11685026146	8.864388
57532.24436999999	418134.02282218216	8.864388
57532.24452277777	418126.213971854	8.864388
57532.24467555555	418118.51029604045	8.864388
57532.24482833333	418142.00746675185	8.864388
57532.24498111111	418135.535310026	8.864388
57532.245133888886	418127.35717578774	8.864388
57532.245286666664	418145.714484003	8.864388
57532.24543944444	418145.53776029753	8.864388
57532.24559222222	418139.47421873745	8.864388
57532.245745	418148.6392263173	8.864388
57532.24589777777	418154.81374222116	8.864388
57532.24605055555	418145.1551033039	8.864388
57532.24620333333	418146.2343261016	8.864388
57532.24635611111	418176.05274078494	8.864388
57532.246508888886	418154.148108174	8.864388
57532.246661666664	418152.66815724806	8.864388
57532.24681444444	418173.37721699727	8.864388
57532.24696722222	418153.09041954344	8.864388
57532.24712	418173.51120394975	8.864388
57532.24727277777	418148.00824682997	8.864388
57532.24742555555	418170.931075836	8.864388
57532.24757833333	418166.66362724407	8.864388
57532.24773111111	418159.48492371937	8.864388
57532.247883888886	418176.5082419125	8.864388
57532.248036666664	418168.9640086175	8.864388
57532.24818944444	418174.28945544566	8.864388
57532.24834222222	418171.98078806105	8.864388
57532.248495	418193.7035146804	8.864388
57532.24864777777	418183.3074341157	8.864388
57532.24880055555	418181.0361554343	8.864388
57532.24895333333	418193.2447165882	8.864388
57532.24910611111	418188.39319021074	8.864388
57532.249258888885	418188.6371815201	8.864388
57532.249411666664	418181.7737202866	8.864388
57532.24956444444	418191.1994640506	8.864388
57532.24971722222	418190.656097915	8.864388
57532.24987	418217.9869874039	8.864388
57532.25002277777	418195.6702680514	8.864388
57532.25017555555	418210.32731857133	8.864388
57532.25032833333	418203.9521054595	8.864388
57532.25048111111	418191.3285839032	8.864388
57532.250633888885	418195.2813320822	8.864388
57532.250786666664	418211.8734440447	8.864388
57532.25093944444	418200.70135429455	8.864388
57532.25109222222	418205.22391428275	8.864388
57532.251245	418214.9802068523	8.864388
57532.25139777777	418230.0641427812	8.864388
57532.25155055555	418213.4576593961	8.864388
57532.25170333333	418213.59457932855	8.864388
57532.25185611111	418206.4159843494	8.864388
57532.252008888885	418197.88732261333	8.864388
57532.25216166666	418223.1987292132	8.864388
57532.25231444444	418223.025354308	8.864388
57532.25246722222	418217.0736140922	8.864388
57532.25262	418224.2427569826	8.864388
57532.25277277778	418236.34422492597	8.864388
57532.25292555555	418235.79636195046	8.864388
57532.25307833333	418243.9446936464	8.864388
57532.253231111106	418243.250156221	8.864388
57532.253383888885	418228.1139759774	8.864388
57532.25353666666	418255.99748593045	8.864388
57532.25368944444	418246.650241038	8.864388
57532.25384222222	418252.32632088853	8.864388
57532.253995	418250.2210315206	8.864388
57532.25414777778	418250.84994006145	8.864388
57532.25430055555	418245.9769649661	8.864388
57532.25445333333	418260.32789802994	8.864388
57532.254606111106	418191.18749455316	8.864388
57532.254758888885	418211.3547958785	8.864388
57532.25491166666	418196.57644130173	8.864388
57532.25506444444	418212.6485487281	8.864388
57532.25521722222	418200.5332619467	8.864388
57532.25537	418219.6003768328	8.864388
57532.25552277778	418219.13313174294	8.864388
57532.25567555555	418218.96010690805	8.864388
57532.25582833333	418215.63461448526	8.864388
57532.255981111106	418086.2846398981	8.864388
57532.256133888885	418231.08610713965	8.864388
57532.25628666666	418238.123269395	8.864388
57532.25643944444	418280.7714244731	8.864388
57532.25659222222	418291.45547328755	8.864388
57532.25689777778	418294.8800856877	8.864388
57532.25705055555	418272.4705897001	8.864388
57532.25720333333	418296.8666052262	8.864388
57532.257356111106	418287.8195863945	8.864388
57532.257508888884	418278.3199451247	8.864388
57532.25781444444	418292.9788322173	8.864388
57532.25796722222	418304.8039394132	8.864388
57532.25812	418310.734834103	8.864388
57532.25827277778	418293.0066731093	8.864388
57532.258425555556	418307.5875807408	8.864388
57532.25857833333	418302.6386577258	8.864388
